Function A: ADD 866
Function B: MULTIPLY 99
Function C: RAISE TO THE POWER OF 3

9446
5336
5071
4855
9388
4306
2933
8101
1134
9703
7813
9318
4793
3749
9798
1486
4637
6856
5559
5752
7577
5613
2356
8999
9177
7807
5712
5537
9573
4244
2220
3839
7880
1974
5980
2034
1395
6537
4800
8385
6491
5189
4642
4817
2500
3743
8127
6358
8103
9588
5760
4930
1143
1933
5150
5898
3998
5101
6760
6513
6343
2953
4819
2398
3808
5247
2169
1392
5268
8612
7125
5468
5832
4871
4216
9834
6202
2390
5541
1926
2112
9549
5362
8772
7078
8571
6253
7385
1743
6032
4223
1028
3667
5504
7634
1578
1106
9968
6182
1050
9444